-40.821807 62.449376
-41.336968 63.371204
-41.836186 64.294466
-42.332671 65.244218
-42.812054 66.193496
-43.281618 67.156577
-43.814788 68.293553
-44.264363 69.291472
-44.704045 70.305433
-45.133593 71.335713
-45.553716 72.385017
-45.962685 73.449994
-46.359928 74.529877
-46.745829 75.626489
-47.119781 76.738972
-47.480880 77.865310
-47.830865 79.011933
-48.167427 80.172310
-48.495258 81.364577
-48.805834 82.558830
-49.101821 83.764747
-49.384567 84.988675
-49.652643 86.225475
-49.905851 87.474822
-50.147633 88.756384
-50.374263 90.053679
-50.585283 91.365522
-50.777674 92.672162
-50.953523 93.985777
-51.113613 95.313076
-51.256667 96.644041
-51.383295 97.984420
-51.494530 99.349904
-51.587323 100.703945
-51.663096 102.063000
-51.721790 103.427068
-51.763250 104.793197
-51.787496 106.163478
-51.794417 107.535012
-51.783780 108.922012
-51.755840 110.292153
-51.710750 111.656557
-51.648441 113.019157
-51.569136 114.375861
-51.472712 115.729339
-51.359505 117.075356
-51.229473 118.415192
-51.083377 119.742422
-50.920418 121.065082
-50.741691 122.374840
-50.546573 123.677032
-50.336293 124.964324
-50.107688 126.255330
44.139335 -122.788397
44.583750 -121.774432
45.023852 -120.729928
45.452096 -119.671243
45.864349 -118.608666
46.265584 -117.529303
46.656067 -116.431415
47.034267 -115.318391
47.400923 -114.187132
47.754524 -113.041419
48.094710 -111.881828
48.422271 -110.704828
48.736354 -109.512491
49.036578 -108.305453
49.322632 -107.084184
49.594528 -105.847755
49.851832 -104.597185
50.093938 -103.334710
50.321294 -102.057039
50.533057 -100.767901
50.729343 -99.465637
50.909615 -98.152825
51.073520 -96.831467
51.221307 -95.498609
51.352400 -94.158418
51.466746 -92.810845
51.564193 -91.456923
51.644594 -90.098085
51.707907 -88.734243
51.754000 -87.367425
51.782831 -85.998468
51.794368 -84.628368
51.788540 -83.252579
51.765451 -81.885251
51.725133 -80.519537
51.667721 -79.158448
51.593332 -77.802694
51.502402 -76.457199
51.394503 -75.114359
51.269796 -73.776660
51.128684 -72.447840
50.971118 -71.126676
50.797031 -69.812455
50.605115 -68.496734
50.399247 -67.205152
50.178232 -65.927499
49.939267 -64.648202
49.687155 -63.392566
49.420414 -62.151211
49.140406 -60.929074
48.842074 -59.704385
48.533922 -58.511251
48.211760 -57.331353
47.876335 -56.166762
47.528441 -55.019290
47.168620 -53.889621
46.797316 -52.778015
46.414373 -51.682977
46.019041 -50.601653
45.613040 -49.537978
45.195959 -48.489973
44.768542 -47.458681
44.330839 -46.443372
43.880293 -45.437679
43.422908 -44.454204
42.956254 -43.486570
42.479732 -42.532834
41.994323 -41.594285
41.500380 -40.670856
40.988265 -39.744680
40.478042 -38.851294
39.961543 -37.974705
39.436567 -37.110453
38.905498 -36.261779
38.367609 -35.426773
37.822163 -34.603690
37.269858 -33.793030
36.711813 -32.995802
36.147695 -32.210900
35.576354 -31.436206
35.000201 -30.674444
34.417574 -29.922859
33.829886 -29.182767
33.237832 -28.454466
32.642451 -27.738619
32.041744 -27.032284
31.436768 -26.336230
30.827132 -25.649533
30.206821 -24.965185
29.587124 -24.295245
28.964532 -23.635288
28.338814 -22.984588
27.709438 -22.342159
27.076607 -21.707804
26.436213 -21.077121
25.791233 -20.452793
25.144895 -19.837555
24.494329 -19.228288
23.840661 -18.625717
23.184144 -18.029728
22.525112 -17.440277
21.865731 -16.858922
21.208188 -16.287145
20.544957 -15.718074
19.878508 -15.153595
19.211001 -14.595234
18.541442 -14.041850
17.870207 -13.493463
17.197717 -12.950125
16.523175 -12.410913
15.846865 -11.875790
15.169095 -11.344737
14.490277 -10.817812
13.809348 -10.293938
13.127060 -9.773454
12.443798 -9.256404
11.759280 -8.742335
11.073091 -8.230701
10.386180 -7.721979
9.697812 -7.215397
9.004014 -6.707835
8.313701 -6.205592
7.618017 -5.702001
6.921519 -5.200164
6.223618 -4.699439
5.528562 -4.202644
4.831146 -3.705836
4.134489 -3.211025
3.435008 -2.715457
2.733829 -2.219726
2.037709 -1.728390
1.341553 -1.237635
0.646469 -0.748033
-0.048565 -0.258658
-0.743403 0.230592
-1.438180 0.720019
-2.133023 1.209917
-2.827921 1.700486
-3.530033 2.197000
-4.225905 2.690159
-4.919554 3.183002
-5.612399 3.676740
-6.305153 4.172093
-6.998965 4.670104
-7.692906 5.170333
-8.385600 5.672007
-9.075820 6.174446
-9.771857 6.683940
-10.459874 7.190584
-11.146377 7.699346
-11.837388 8.214957
-12.529877 8.735460
-13.215046 9.254454
-13.905535 9.781766
-14.548973 10.277267
-15.233022 10.808671
-15.918280 11.346084
-16.595583 11.882541
-17.277270 12.428085
-17.951380 12.973420
-18.623607 13.523352
-19.294548 14.078664
-19.961098 14.637050
-20.626061 15.201126
-21.290438 15.772078
-21.950221 16.346761
-22.613438 16.932552
-23.269842 17.520757
-23.928861 18.120186
-24.578456 18.720202
-25.223806 19.325769
-25.870416 19.942479
-26.509206 20.562024
-27.144920 21.189275
-27.777087 21.824147
-28.405521 22.466838
-29.030517 23.118053
-29.656037 23.782473
-30.273331 24.451235
-30.890838 25.133927
-31.505287 25.827582
-32.112028 26.527350
-32.711809 27.234364
-33.313476 27.959719
-33.906305 28.691107
-34.493358 29.432639
-35.072768 30.182354
-35.652977 30.951917
-36.222510 31.726737
-36.786268 32.513811
-37.344407 33.313983
-37.931366 34.179411
-38.476553 35.006695
-39.013038 35.844306
-39.541719 36.694113
-40.064843 37.560453
-40.580864 38.441599
-41.087223 39.333756
-41.589126 40.246947
-42.080290 41.170566
-42.563735 42.110886
-43.036890 43.063592
-43.505315 44.040973
-43.959991 45.024994
-44.408954 46.033830
-44.848193 47.059846
-45.276667 48.101460
-45.690253 49.148804
-46.100528 50.232628
-46.494129 51.318884
-46.877282 52.424905
-47.247406 53.544125
-47.605254 54.679468
-47.949868 55.828600
-48.286021 57.009339
-48.605312 58.193309
-48.911154 59.393049
-49.203413 60.609047
-49.482421 61.844064
-49.745260 63.085759
-49.992915 64.338651
-50.226799 65.611177
-50.445284 66.896042
-50.647884 68.190998
-50.834742 69.497633
-51.005408 70.813546
-51.159947 72.140056
-51.297922 73.474226
-51.419344 74.816870
-51.523975 76.166313
-51.611724 77.522299
-51.682349 78.881603
-51.735870 80.244841
-51.772227 81.611669
-51.791338 82.980852
-51.793166 84.349049
-51.777711 85.718557
-51.745013 87.085514
-51.695093 88.450287
-51.628000 89.811885
-51.543701 91.170784
-51.442774 92.519315
-51.324931 93.862887
-51.190215 95.200943
-51.039353 96.527288
-50.872069 97.845495
-50.688912 99.152081
-50.490063 100.446901
-50.275366 101.731691
-50.045459 103.003368
44.127835 -146.400838
44.572853 -145.386480
45.007548 -144.356098
45.430784 -143.311695
45.843744 -142.249566
46.246266 -141.169075
46.637133 -140.072522
47.016058 -138.959895
47.383616 -137.828488
47.741701 -136.670697
48.082707 -135.510494
48.410668 -134.334337
48.725145 -133.142936
49.025681 -131.937244
49.312419 -130.715826
49.584876 -129.479767
49.842761 -128.229485
50.085664 -126.966122
50.313357 -125.690078
50.525686 -124.401339
50.722366 -123.100717
50.903234 -121.788281
51.067879 -120.466107
51.216142 -119.134713
51.347983 -117.793374
51.464383 -116.427641
51.562302 -115.072425
51.644135 -113.693480
51.707594 -112.328776
51.753830 -110.960336
51.782789 -109.587994
51.794367 -108.215326
51.788569 -106.842043
51.765429 -105.471019
51.725040 -104.103659
51.667406 -102.738678
51.592614 -101.377690
51.500894 -100.023537
51.390610 -98.656321
51.264941 -97.314793
51.122304 -95.978079
50.963624 -94.653971
50.788231 -93.336060
50.597211 -92.031757
50.390441 -90.738962
50.168540 -89.460400
49.931573 -88.195259
49.680731 -86.948390
49.413628 -85.707378
49.134293 -84.489932
48.840849 -83.286217
48.533839 -82.097648
48.213440 -80.924055
47.880197 -79.766546
47.534293 -78.624835
47.175787 -77.498310
46.805336 -76.388198
46.423284 -75.294617
46.029560 -74.216536
45.625990 -73.157932
45.209490 -72.110020
44.782976 -71.079558
44.341902 -70.055266
43.893991 -69.054412
43.437742 -68.072252
42.967829 -67.096870
42.491436 -66.142577
42.004792 -65.200905
41.509712 -64.274733
41.006718 -63.364241
40.496247 -62.469402
39.974867 -61.583696
39.445836 -60.712202
38.909481 -59.854766
38.370333 -59.017655
37.820669 -58.188181
37.268163 -57.377289
36.709533 -56.579303
36.145004 -55.793918
35.575091 -55.021231
34.998316 -54.258698
34.416141 -53.507749
33.828116 -52.767279
33.184017 -51.975809
32.587141 -51.259645
31.984906 -50.552965
31.378259 -49.856413
30.767822 -49.170202
30.150334 -48.490277
29.530159 -47.821042
28.905845 -47.160448
28.278736 -46.509467
27.643422 -45.862168
27.008147 -45.226568
26.369805 -44.599061
25.724213 -43.975240
25.079860 -43.362922
24.427974 -42.753407
23.776665 -42.153940
23.122050 -41.560537
22.463472 -40.972299
21.796009 -40.384642
21.131566 -39.807735
20.464270 -39.236066
19.795703 -38.670674
19.124743 -38.110293
18.451834 -37.554999
17.776274 -37.003932
17.100846 -36.459059
16.422990 -35.918022
15.740972 -35.379202
15.061644 -34.847727
14.380198 -34.319532
13.697188 -33.794800
13.013973 -33.274316
12.328768 -32.756470
11.640796 -32.240454
10.952828 -31.728113
10.263613 -31.218272
9.574759 -30.711882
8.883409 -30.206617
8.191299 -29.703530
7.495946 -29.200606
6.797596 -28.697826
6.100698 -28.198172
5.405919 -27.701885
4.710699 -27.206911
4.014267 -26.712490
3.318975 -26.220079
2.623896 -25.728808
1.923401 -25.234496
1.226662 -24.743410
0.530818 -24.253319
-0.165331 -23.763171
-0.866483 -23.269451
-1.564300 -22.777822
-2.259703 -22.287429
-2.961785 -21.791647
-3.657909 -21.299185
-4.357522 -20.803154
-5.057316 -20.305675
-5.754726 -19.808359
-6.450765 -19.310279
-7.146403 -18.810526
-7.849170 -18.303434
-8.543765 -17.799818
-9.235585 -17.295591
-9.926874 -16.788904
-10.617574 -16.279566
-11.305952 -15.768632
-11.992413 -15.255584
-12.683408 -14.735326
-13.369695 -14.214555
-14.054072 -13.690937
-14.737331 -13.163621
